h(kpc) re(kpc) B/T   Mb(Msun) Md(Msun)
------ ------ ------ ------- -------
2.103  1.244  0.359 1.0e+10 2.8e+10
2.409  1.827  0.483 1.4e+11 3.6e+10
2.189  0.523  0.032 1.4e+09 1.1e+10
0      2.735  1.000 4.1e+10 0
0      3.120  1.000 6.1e+10 0
2.429  1.339  0.085 4.3e+11 2.2e+10
0      2.324  1.000 2.5e+10 0
0      1.638  1.000 6.4e+10 0
0      2.084  1.000 4.8e+10 0
0      1.368  1.000 4.4e+10 0
2.590  0.653  0.026 3.8e+09 7.3e+09
0      2.035  1.000 3.2e+10 0
3.215  1.453  0.690 2.0e+10 1.0e+10
0      1.987  1.000 1.2e+10 0
0      2.389  1.000 1.5e+10 0
1.848  2.023  0.582 1.4e+10 5.7e+09
3.252  0.587  0.033 1.0e+09 6.1e+09
0      1.482  1.000 1.7e+10 0
3.910  2.112  0.000 2.3e+10 2.4e+10
2.600  1.779  0.349 2.7e+09 9.0e+09
2.890  0.905  0.448 4.5e+10 2.1e+10
3.471  0.903  0.053 5.7e+08 8.0e+09
0      2.134  1.000 2.4e+10 0
1.018  0      0.000 0      9.7e+09
4.786  1.304  0.230 1.3e+10 1.4e+10
0      2.659  1.000 8.2e+10 0
0      3.161  1.000 4.0e+10 0
2.411  1.464  0.517 4.3e+09 1.9e+10
1.135  1.718  0.719 2.1e+10 9.5e+09
2.882  1.115  0.101 2.0e+10 1.4e+10
1.013  0.713  0.485 9.4e+09 7.1e+09
1.820  2.711  0.851 4.7e+10 2.3e+10
1.784  1.041  0.334 5.1e+09 8.2e+09
2.921  0.442  0.034 3.1e+08 8.3e+09
0      2.038  1.000 3.2e+10 0
0      1.906  1.000 2.2e+10 0
1.489  1.394  0.601 7.1e+09 1.2e+10
2.112  1.734  0.712 1.6e+10 1.2e+10
2.351  1.424  0.468 2.5e+10 2.0e+10
0      1.522  1.000 8.7e+09 0
0      2.123  1.000 3.0e+10 0
2.018  0.628  0.122 7.2e+09 1.6e+10
1.404  1.000  0.641 7.0e+09 6.4e+09
2.914  0.778  0.165 4.8e+09 1.5e+10
1.366  0.938  0.083 4.9e+10 8.9e+09
1.672  1.639  0.723 2.8e+10 8.2e+09
1.559  1.147  0.550 4.4e+09 7.9e+09
2.452  0.916  0.330 6.4e+09 1.9e+10
4.931  0.683  0.062 4.0e+09 2.5e+10
2.823  0.569  0.023 1.1e+09 2.1e+10
5.923  1.776  0.582 6.6e+10 1.0e+10
5.785  1.741  0.650 6.3e+10 3.9e+10
0      2.486  1.000 5.4e+10 0
4.189  1.662  0.625 2.7e+10 9.4e+09
3.855  0.721  0.093 8.1e+09 1.3e+10
0      3.295  1.000 9.5e+10 0
3.285  0.572  0.038 1.5e+09 3.0e+10
0      2.921  1.000 5.8e+10 0
2.658  1.513  0.449 5.3e+10 1.0e+11
3.647  3.009  0.762 9.2e+10 2.6e+10
3.873  1.329  0.074 3.3e+09 1.9e+10
4.194  0.863  0.082 6.3e+09 1.2e+10
3.740  1.777  0.752 2.4e+10 1.2e+10
2.083  0.650  0.202 5.7e+09 3.9e+09
3.658  2.358  0.630 5.0e+10 2.4e+10
1.522  0.661  0.186 1.9e+10 7.3e+09
2.398  1.741  0.628 1.4e+10 2.1e+10
0      3.265  1.000 6.9e+10 0
0      2.662  1.000 2.9e+10 0
0      1.922  1.000 1.6e+10 0
0      1.354  1.000 2.2e+10 0
2.158  0.799  0.446 7.9e+09 9.5e+09
1.630  0.805  0.348 2.8e+10 7.3e+09
2.118  0.487  0.098 4.7e+09 1.0e+10
4.047  1.193  0.259 2.4e+10 2.9e+10
3.350  0.503  0.037 7.4e+08 5.1e+09
2.787  2.570  0.757 5.9e+10 2.6e+10
2.581  0.950  0.355 1.3e+10 2.8e+10
0      1.463  1.000 1.8e+10 0
2.953  0.573  0.305 3.0e+09 1.4e+10
2.632  0.892  0.257 6.5e+09 1.6e+10
2.037  0.968  0.263 3.5e+09 7.7e+09
0      2.984  1.000 5.7e+10 0
2.053  0.883  0.441 4.1e+10 8.0e+09
1.142  0.672  0.535 4.5e+09 5.3e+09
2.121  1.491  0.504 2.5e+10 6.1e+09
3.746  1.104  0.366 1.6e+10 3.3e+10
2.391  0.373  0.013 7.2e+10 1.6e+10
0      2.920  1.000 7.9e+10 0
0      6.210  1.000 1.7e+11 0
3.445  0.974  0.163 1.3e+10 2.3e+10
2.322  0.706  0.055 6.0e+09 1.7e+10
2.873  0.856  0.165 1.8e+10 7.9e+09
0      1.859  1.000 3.2e+10 0
0      4.050  1.000 1.5e+11 0
2.401  1.099  0.195 4.6e+08 3.2e+10
4.966  1.123  0.251 1.1e+10 2.7e+10
3.164  0.331  0.023 3.3e+08 1.2e+10
0      3.079  1.000 8.7e+10 0
4.098  1.215  0.121 2.7e+10 5.9e+10
0      2.263  1.000 2.8e+10 0
0      4.823  1.000 1.8e+11 0
1.214  1.123  0.776 1.6e+10 6.0e+09
1.169  0.915  0.483 9.7e+09 4.6e+09
2.357  0.314  0.019 3.8e+09 1.2e+10
0      4.464  1.000 1.7e+11 0
0      3.664  1.000 7.3e+10 0
2.761  0.297  0.026 1.7e+09 1.4e+10
6.306  1.790  0.323 3.7e+10 5.5e+10
0      2.185  1.000 7.5e+10 0
0      2.551  1.000 5.9e+10 0
2.867  0.326  0.031 9.8e+08 7.5e+09
0      2.463  1.000 8.5e+10 0
3.931  1.160  0.385 1.3e+10 2.2e+10
3.546  0.865  0.162 2.2e+10 2.8e+10
0      3.115  1.000 5.4e+10 0
0.831  0.570  0.295 1.4e+09 1.0e+10
5.032  0.756  0.042 8.1e+09 3.2e+10
2.414  1.272  0.303 5.6e+09 9.8e+09
1.628  1.421  0.741 3.3e+10 1.0e+10
0      3.392  1.000 1.7e+10 0
2.022  0.534  0.114 1.4e+09 1.0e+10
2.202  0.710  0.265 3.0e+09 1.1e+10
3.213  0.593  0.229 3.1e+10 1.9e+10
6.309  1.135  0.183 2.6e+10 3.6e+10
0      1.744  1.000 2.4e+10 0
1.544  0.706  0.326 4.7e+09 7.9e+09
8.770  1.573  0.162 2.3e+10 2.1e+10
0      4.294  1.000 9.9e+10 0
1.266  0.624  0.393 2.7e+09 4.3e+09
2.138  2.191  0.709 1.0e+11 7.9e+09
2.700  1.324  0.159 1.9e+09 3.9e+10
2.565  0.672  0.123 5.3e+10 1.7e+10
2.303  0.858  0.512 1.4e+10 8.8e+09
1.938  0.327  0.018 3.9e+08 7.2e+09
0      1.337  1.000 2.0e+10 0
2.122  0.707  0.619 2.2e+10 5.0e+09
1.480  0.691  0.298 1.9e+09 7.9e+09
0      1.617  1.000 2.1e+10 0
2.309  0.883  0.794 2.9e+10 9.9e+08
0      2.913  1.000 7.4e+10 0
3.448  1.883  0.729 4.8e+10 1.3e+10
0      3.525  1.000 2.1e+11 0
2.440  2.174  0.491 2.2e+10 2.6e+10
3.614  0.901  0.138 3.8e+09 2.1e+10
0      3.405  1.000 4.4e+10 0
0      3.194  1.000 1.6e+11 0
0      3.818  1.000 1.1e+11 0
4.017  1.245  0.483 2.7e+10 2.2e+10
2.058  1.234  0.511 1.2e+10 5.4e+10
3.571  0.461  0.036 1.2e+09 2.0e+10
1.988  0.888  0.387 3.6e+09 5.9e+09
6.043  1.051  0.218 3.9e+10 6.8e+10
0      2.272  1.000 6.7e+10 0
1.123  0.242  0.401 1.2e+09 4.3e+08
3.024  0.595  0.065 4.6e+08 6.3e+09
0      1.827  1.000 1.9e+10 0
2.948  0.699  0.366 3.4e+10 2.7e+10
3.577  0.585  0.043 2.7e+09 4.2e+10
0      3.305  1.000 1.0e+11 0
0      1.468  1.000 2.3e+10 0
3.378  1.413  0.189 1.3e+10 2.0e+10
0      2.509  1.000 4.3e+10 0
5.199  1.528  0.212 1.8e+10 2.4e+10
2.238  0.720  0.430 2.5e+10 2.9e+10
2.661  0.390  0.107 7.5e+08 7.2e+09
3.117  0.521  0.059 1.1e+09 9.8e+09
0      3.624  1.000 7.5e+10 0
0      2.450  1.000 4.9e+10 0
6.039  2.095  0.428 2.3e+10 2.6e+10
3.523  1.041  0.286 1.8e+10 7.3e+09
4.957  3.077  0.707 7.9e+10 5.9e+10
5.281  1.252  0.399 4.8e+10 9.6e+09
0      4.078  1.000 2.1e+11 0
2.863  1.177  0.397 1.6e+10 6.5e+09
0      4.838  1.000 1.5e+11 0
3.722  0.808  0.109 2.1e+09 1.1e+10
1.919  1.099  0.286 2.1e+09 7.6e+09
2.451  1.449  0.544 3.1e+10 2.7e+10
2.403  2.226  0.646 1.4e+10 2.9e+10
3.030  0.952  0.081 3.1e+09 9.4e+09
3.645  1.792  0.452 3.4e+10 3.9e+10
0      2.728  1.000 7.3e+10 0
0      4.759  1.000 1.7e+11 0
0      2.105  1.000 3.3e+10 0
2.910  1.341  0.424 4.3e+10 5.0e+10
0      3.194  1.000 7.9e+10 0
2.252  0.725  0.222 5.9e+09 2.1e+10
3.097  0.540  0.047 9.2e+08 5.6e+09
0      4.341  1.000 1.8e+11 0
5.955  0.748  0.000 3.6e+09 1.3e+10
3.395  0.782  0.069 1.4e+09 8.5e+09
1.874  0.905  0.276 7.7e+09 1.3e+10
1.969  0.863  0.237 4.6e+09 1.9e+10
0      2.394  1.000 3.1e+10 0
3.145  1.167  0.357 1.9e+10 9.1e+09
6.043  0.598  0.175 1.2e+10 3.5e+10
5.177  0.616  0.057 4.0e+09 2.7e+10
0      2.409  1.000 8.6e+10 0
0      3.492  1.000 8.7e+10 0
0      2.242  1.000 1.5e+10 0
5.026  0.548  0.081 5.2e+09 2.9e+10
0      3.371  1.000 8.5e+10 0
0      3.749  1.000 1.1e+11 0
1.762  0.912  0.388 3.0e+09 6.0e+09
1.949  1.046  0.609 2.5e+10 5.7e+09
1.342  0.820  0.494 7.7e+09 9.0e+09
2.463  1.309  0.533 3.2e+10 4.8e+10
0      2.845  1.000 7.5e+10 0
2.572  1.815  0.627 3.8e+10 6.0e+10
4.303  1.113  0.135 6.2e+09 3.7e+10
3.029  0.800  0.087 1.7e+10 1.1e+10
3.234  0.923  0.075 3.8e+09 3.2e+10
2.403  0.792  0.100 3.3e+09 8.9e+09
3.599  2.148  0.742 1.9e+10 8.1e+09
0      3.932  1.000 1.4e+11 0
1.895  1.089  0.387 3.3e+09 6.0e+09
0      2.614  1.000 6.5e+10 0
2.349  0.766  0.113 1.2e+09 5.5e+09
3.176  1.216  0.240 8.6e+09 1.3e+10
2.031  0.899  0.147 1.3e+09 7.4e+09
2.457  0.663  0.123 5.3e+09 1.2e+10
2.266  1.062  0.311 1.2e+10 1.7e+10
2.693  0.585  0.126 6.9e+09 1.3e+10
2.925  1.038  0.437 5.3e+10 5.1e+10
0      3.747  1.000 1.1e+11 0
1.784  0.892  0.413 6.5e+09 1.4e+10
0      1.678  1.000 2.4e+10 0
3.332  0.770  0.066 5.6e+09 5.4e+10
6.260  1.224  0.135 2.2e+10 1.1e+11
1.677  0.632  0.171 1.5e+09 8.3e+09
5.254  0.776  0.172 1.0e+10 1.6e+10
3.278  0.641  0.089 1.4e+09 7.7e+09
6.194  0.839  0.207 1.4e+10 2.3e+10
0      2.254  1.000 7.2e+10 0
3.658  0.655  0.135 9.1e+09 3.0e+10
1.352  0.715  0.460 2.8e+09 8.4e+09
0      4.009  1.000 6.1e+10 0
0      4.742  1.000 1.3e+11 0
3.424  0.626  0.065 1.1e+09 2.3e+10
2.402  1.109  0.403 3.1e+10 4.8e+09
0      1.933  1.000 3.9e+10 0
2.938  0.793  0.182 1.2e+10 5.1e+10
2.350  1.113  0.423 9.0e+09 4.7e+10
2.027  0.832  0.181 5.1e+09 1.6e+10
3.061  1.076  0.427 4.7e+10 2.2e+10
2.901  1.815  0.697 8.0e+10 5.1e+10
1.922  1.075  0.467 1.6e+10 2.0e+10
0      2.906  1.000 6.1e+10 0
1.492  0.339  0.036 5.2e+07 5.9e+09
1.342  0.777  0.198 2.2e+09 1.0e+10
2.299  0.914  0.075 2.7e+09 1.4e+10
1.492  0.671  0.077 4.2e+09 7.8e+09
0      1.633  1.000 3.1e+10 0
0      2.542  1.000 2.8e+10 0
0      2.880  1.000 4.2e+10 0
0      2.325  1.000 2.2e+10 0
2.066  1.419  0.659 1.6e+10 2.1e+10
1.571  2.377  0.809 4.8e+10 4.0e+09
3.532  1.181  0.142 2.1e+10 3.1e+10
0      3.800  1.000 7.8e+10 0
0      3.520  1.000 5.1e+10 0
0      4.733  1.000 1.1e+11 0
3.514  0.639  0.059 5.3e+09 3.9e+10
3.854  1.956  0.643 1.2e+11 2.6e+10
0      3.383  1.000 7.8e+10 0
0      4.985  1.000 1.3e+11 0
0      2.955  1.000 3.1e+10 0
0      2.679  1.000 3.5e+10 0
0      2.946  1.000 6.0e+10 0
2.627  0.624  0.056 4.6e+08 2.2e+10
2.250  0.528  0.083 3.7e+08 1.0e+10
2.617  0.843  0.348 3.3e+09 9.4e+09
1.431  0.357  0.223 1.5e+09 7.3e+09
0      3.183  1.000 4.2e+10 0
0      2.772  1.000 6.7e+10 0
0      2.058  1.000 3.3e+10 0
2.776  1.142  0.320 1.3e+10 4.9e+10
0      3.522  1.000 5.2e+10 0
2.062  1.155  0.354 6.6e+10 8.6e+09
0      5.043  1.000 1.3e+11 0
3.633  0.413  0.029 6.5e+08 1.4e+10
3.538  0.803  0.017 6.3e+09 1.8e+10
2.345  0.829  0.193 4.5e+09 1.1e+10
2.779  0.621  0.077 5.5e+09 1.0e+10
4.358  1.080  0.237 1.4e+10 2.4e+10
2.997  1.114  0.478 3.2e+10 3.3e+10
3.782  0.804  0.328 1.2e+10 3.4e+10
3.913  0.458  0.023 1.8e+10 2.4e+10
4.189  1.007  0.441 3.8e+10 3.7e+10
5.410  0.998  0.088 3.0e+09 2.0e+10
4.687  0.674  0.073 2.8e+09 2.2e+10
3.507  1.201  0.530 4.0e+10 3.6e+10
5.353  1.694  0.522 4.2e+10 1.9e+10
4.379  0.715  0.079 7.7e+09 5.5e+10
3.776  0.789  0.117 8.0e+09 1.2e+10
2.572  1.131  0.558 1.8e+10 2.2e+10
3.898  0.932  0.092 4.7e+09 3.0e+10
2.530  0.766  0.161 1.7e+09 1.8e+10
0      2.945  1.000 4.1e+10 0
1.798  1.197  0.441 1.2e+10 1.7e+10
2.967  1.317  0.572 6.6e+10 8.2e+09
0      3.496  1.000 7.7e+10 0
0      4.496  1.000 1.6e+11 0
2.744  0.703  0.237 7.7e+09 1.8e+10
4.235  0.575  0.029 6.7e+09 1.3e+10
5.288  0.665  0.068 5.9e+09 2.3e+10
3.016  0.985  0.543 1.9e+10 3.8e+10
6.607  2.311  0.434 4.9e+10 5.9e+10
3.293  1.105  0.183 1.5e+09 4.0e+09
0      3.640  1.000 1.1e+11 0
2.145  0.802  0.382 6.8e+09 4.1e+09
3.401  1.057  0.461 2.9e+10 2.9e+10
4.678  0.730  0.108 1.0e+10 2.4e+10
2.243  0.707  0.128 5.0e+09 3.6e+10
2.105  0.792  0.557 1.4e+10 1.3e+10
2.502  0.541  0.050 2.3e+08 1.0e+10
2.172  1.268  0.481 1.3e+10 2.9e+10
2.789  0.952  0.413 6.4e+10 2.0e+10
2.955  0.793  0.227 5.6e+09 1.9e+10
1.731  0.718  0.371 7.4e+09 1.3e+10
4.014  1.019  0.270 1.6e+10 2.3e+10
0      2.301  1.000 4.4e+10 0
3.683  0.423  0.039 3.9e+08 1.2e+10
1.542  0.782  0.181 5.0e+09 7.6e+09
4.175  1.288  0.572 2.0e+10 4.3e+10
2.501  1.036  0.346 8.1e+09 1.0e+10
3.289  1.082  0.335 1.6e+10 4.6e+10
1.276  0.953  0.791 8.1e+09 9.1e+09
1.705  0.984  0.493 8.9e+09 1.8e+10
0      2.679  1.000 4.3e+10 0
0      1.545  1.000 2.1e+10 0
2.836  0.840  0.148 4.3e+09 1.0e+10
2.601  0.524  0.048 5.4e+08 6.3e+09
0      2.486  1.000 1.7e+10 0
4.172  0.518  0.033 2.5e+09 2.9e+10
3.677  0.918  0.350 1.2e+10 1.5e+10
5.072  1.096  0.326 3.8e+10 1.5e+10
2.354  0.871  0.411 1.3e+10 2.3e+10
2.052  0.977  0.434 3.3e+10 1.8e+10
1.370  0.539  0.353 4.8e+09 4.7e+09
0      1.789  1.000 3.5e+10 0
5.205  0.980  0.072 8.5e+09 5.1e+10
1.871  0.674  0.443 7.4e+09 8.7e+09
3.623  1.766  0.321 1.1e+10 1.5e+10
6.040  0.639  0.050 4.3e+09 4.7e+10
2.799  0.786  0.096 3.6e+09 1.9e+10
0      3.155  1.000 2.0e+10 0
3.728  1.163  0.280 1.8e+10 2.9e+10
1.904  0.863  0.393 4.1e+09 1.9e+10
5.736  0.949  0.132 1.1e+10 6.7e+10
3.655  1.361  0.493 2.5e+10 8.0e+09
2.578  1.270  0.468 1.3e+10 2.0e+10
3.261  0.575  0.060 4.8e+09 1.9e+10
3.158  1.619  0.508 4.9e+10 4.5e+10
2.689  0.949  0.312 1.1e+10 1.9e+10
2.918  1.148  0.613 4.0e+10 2.1e+10
2.413  1.423  0.487 1.4e+10 2.6e+10
2.158  0.846  0.382 2.8e+10 1.7e+10
3.136  1.334  0.556 4.8e+10 2.8e+10
1.656  0.709  0.488 1.4e+10 7.5e+09
3.202  0.976  0.228 2.5e+10 5.1e+10
0      4.873  1.000 1.4e+11 0
0      2.754  1.000 7.0e+10 0
2.476  0.822  0.202 6.9e+09 1.1e+10
0      1.074  1.000 1.4e+10 0
3.431  1.216  0.554 8.9e+10 4.9e+10
1.998  0.606  0.182 3.5e+09 1.4e+10
0.943  0      0.000 0       1.3e+10
0      1.323  1.000 1.1e+10 0
2.366  0.431  0.020 1.3e+09 8.6e+09
2.066  1.180  0.422 7.4e+09 7.7e+09
0      1.605  1.000 2.5e+10 0
2.602  0.867  0.431 1.6e+10 1.9e+10
3.419  0.404  0.036 8.4e+08 2.1e+10
0      1.826  1.000 2.9e+10 0
4.578  1.073  0.257 3.1e+10 3.9e+10
3.675  0.675  0.052 2.8e+09 3.9e+10
1.824  0.804  0.160 2.6e+09 1.0e+10
3.232  1.211  0.329 2.4e+10 3.8e+10
2.376  0.640  0.359 5.4e+09 1.3e+10
3.843  0.910  0.146 7.8e+09 1.9e+10
0      2.165  1.000 3.3e+10 0
5.186  0.978  0.110 4.5e+09 2.1e+10
0      3.120  1.000 4.9e+10 0
1.361  0.403  0.151 9.1e+08 6.8e+09
1.617  0.655  0.297 3.9e+09 6.2e+09
2.453  0.926  0.358 9.2e+09 1.5e+10
3.987  0.681  0.091 1.3e+10 3.5e+10
1.416  1.249  0.804 1.9e+10 8.6e+09
1.221  0.816  0.505 5.9e+09 4.6e+09
1.887  0.843  0.473 1.3e+10 2.5e+10
3.063  1.545  0.525 2.8e+10 2.8e+10
3.055  0.567  0.053 9.4e+08 1.0e+10
2.499  0.797  0.359 1.6e+10 3.0e+10
3.566  1.547  0.251 1.6e+10 1.9e+10
1.975  1.122  0.560 2.3e+10 1.4e+10
2.900  1.310  0.313 1.9e+10 2.4e+10
2.306  0.867  0.391 2.0e+10 1.7e+10
0      1.675  1.000 2.5e+10 0
2.877  2.051  0.410 3.6e+10 3.3e+10
0      2.003  1.000 2.2e+10 0
0      1.169  1.000 8.6e+09 0
3.191  0.540  0.047 6.3e+08 7.7e+09
2.733  0.794  0.378 3.2e+10 1.5e+10
3.700  1.132  0.263 1.7e+10 7.4e+10
2.041  0.535  0.118 1.0e+09 8.4e+09
0      2.544  1.000 9.3e+10 0
4.951  0.848  0.083 8.8e+09 4.3e+10
1.113  0.705  0.684 9.8e+09 2.5e+09
1.983  1.111  0.649 3.6e+10 6.3e+09
2.335  0.632  0.094 2.2e+09 9.2e+09
0      2.389  1.000 3.2e+10 0
3.201  1.572  0.638 2.7e+10 1.6e+10
3.202  0.393  0.046 3.6e+08 1.1e+10
1.825  0.274  0.043 9.1e+08 7.7e+09
1.068  0.478  0.445 7.2e+09 4.5e+09
0      1.099  1.000 1.2e+10 0
1.600  0.666  0.134 2.9e+09 8.1e+09
2.075  1.470  0.534 2.9e+10 1.7e+10
3.052  1.130  0.419 1.9e+10 2.2e+10
0      3.296  1.000 8.5e+10 0
0      1.614  1.000 1.9e+10 0
0      4.319  1.000 1.7e+11 0
2.301  0.503  0.281 8.0e+09 1.4e+10
1.833  0.539  0.133 2.8e+09 1.3e+10
2.665  0.325  0.024 2.0e+08 1.0e+10
2.079  0.856  0.470 9.6e+09 1.7e+10
3.000  0.471  0.034 1.6e+09 1.0e+10
2.146  0.424  0.051 3.4e+09 9.5e+09
2.638  0.519  0.052 3.5e+08 1.2e+10
0      2.120  1.000 3.4e+10 0
0      2.602  1.000 5.5e+10 0
0      3.790  1.000 5.4e+10 0
3.179  1.798  0.654 7.0e+10 4.2e+10
2.112  1.592  0.701 1.7e+10 7.7e+09
2.443  1.696  0.773 4.5e+10 6.8e+09
4.149  0.643  0.073 1.2e+10 3.5e+10
2.664  0.806  0.375 5.7e+09 1.3e+10
3.722  1.671  0.529 3.7e+10 5.7e+10
3.112  1.178  0.243 1.3e+10 2.8e+10
2.889  1.084  0.524 7.3e+10 2.2e+10
3.110  0.790  0.185 6.5e+09 2.3e+10
1.998  0.986  0.507 1.4e+10 1.9e+10
3.329  0.777  0.217 2.3e+10 2.1e+10
4.017  1.299  0.499 4.2e+10 3.3e+10
2.297  1.059  0.440 3.5e+10 1.4e+10
2.011  0.388  0.087 2.4e+09 9.5e+09
3.680  0.716  0.052 1.5e+09 8.1e+09
1.455  0.721  0.555 1.4e+10 5.8e+09
2.055  0.549  0.197 1.5e+09 1.1e+10
3.978  0.839  0.085 9.7e+09 2.7e+10
2.252  1.134  0.662 3.4e+10 1.6e+10
2.029  0      0.000 0       3.1e+09
2.685  0.557  0.052 4.2e+08 1.1e+10
0      2.194  1.000 3.1e+10 0
2.897  0.561  0.071 1.4e+09 8.5e+09
3.437  1.925  0.504 6.6e+10 3.1e+10
3.205  0.752  0.202 7.7e+09 1.8e+10
2.526  1.294  0.630 2.2e+10 2.0e+10
3.440  0.770  0.081 5.0e+09 2.6e+10
3.742  0.629  0.044 7.2e+08 7.7e+09
3.233  1.185  0.479 2.5e+10 2.6e+10
2.764  0.763  0.089 2.0e+09 1.2e+10
1.243  0.800  0.512 4.5e+09 8.6e+09
0      2.964  1.000 7.4e+10 0
0      2.047  1.000 1.4e+10 0
1.244  0.769  0.635 1.5e+10 3.6e+09
4.130  1.097  0.154 9.9e+09 2.7e+10
2.980  0.627  0.220 8.2e+09 1.2e+10
0      2.193  1.000 2.8e+10 0
3.319  0      0.000 0       2.1e+10
2.403  0.818  0.435 1.9e+10 2.0e+10
2.704  1.113  0.458 2.9e+10 4.0e+10
2.592  0.837  0.386 1.1e+10 4.5e+09
3.033  1.499  0.567 5.3e+10 2.7e+10
1.525  0.590  0.545 6.2e+09 7.1e+09
0      2.719  1.000 6.3e+10 0
2.159  1.145  0.541 2.5e+10 1.8e+10
2.086  0.645  0.338 7.6e+09 1.7e+10
1.934  0.987  0.573 7.3e+09 1.6e+10
3.371  0.883  0.162 6.2e+09 1.9e+10
2.309  0.535  0.124 1.8e+09 1.2e+10
2.507  0      0.000 0       8.2e+09
2.132  0.606  0.142 4.9e+09 1.3e+10
1.991  0.484  0.109 1.3e+09 1.2e+10
4.316  0.416  0.023 2.0e+09 8.0e+09
0      2.191  1.000 1.8e+10 0
3.910  0      0.000 0       1.7e+10
3.049  0.404  0.045 1.2e+09 7.3e+09
0      4.055  1.000 1.3e+11 0
0      2.800  1.000 6.9e+10 0
2.696  1.363  0.612 2.9e+10 2.3e+10
2.398  1.099  0.518 4.0e+10 2.9e+10
1.234  0.581  0.479 5.8e+09 7.6e+09
0      2.789  1.000 5.8e+10 0
3.310  1.106  0.332 2.9e+10 3.0e+10
2.525  0.559  0.113 3.0e+09 9.6e+09
0      4.015  1.000 1.2e+11 0
1.927  0.652  0.420 7.7e+09 7.3e+09
2.419  1.373  0.497 1.9e+10 1.2e+10
2.099  0.901  0.355 5.7e+10 9.7e+09
0      3.286  1.000 1.1e+11 0
0      2.221  1.000 2.0e+10 0
2.095  0.493  0.110 1.6e+09 8.6e+09
1.673  0.778  0.510 6.8e+09 1.3e+10
2.546  1.443  0.620 3.7e+10 3.9e+10
0      1.885  1.000 1.6e+10 0
2.504  0.431  0.058 5.9e+08 9.6e+09
1.460  0.571  0.344 6.5e+09 6.1e+09
5.105  0.599  0.092 2.2e+09 2.0e+10
0      3.069  1.000 6.1e+10 0
1.949  0.233  0.029 3.1e+08 7.3e+09
3.619  0.971  0.208 1.9e+10 4.4e+10
0      2.207  1.000 2.2e+10 0
3.965  1.336  0.458 3.2e+10 2.7e+10
1.995  0.687  0.382 1.2e+10 4.4e+10
3.133  0.760  0.191 6.4e+09 2.3e+10
2.624  1.554  0.596 4.3e+10 3.3e+10
2.220  0.897  0.424 2.0e+10 2.6e+10
2.376  1.276  0.474 4.3e+10 2.5e+10
3.095  1.182  0.511 5.8e+10 5.2e+10
0      3.630  1.000 8.1e+10 0
0      2.942  1.000 4.8e+10 0
5.075  0.836  0.073 2.0e+10 6.1e+10
2.585  0.379  0.035 8.5e+08 1.3e+10
3.830  0.682  0.033 1.8e+09 2.9e+10
3.748  1.136  0.271 5.3e+10 1.1e+11
3.706  1.386  0.440 6.1e+10 5.0e+10
3.446  0.714  0.176 1.2e+10 8.6e+09
4.790  0.681  0.038 4.9e+09 2.3e+10
0      2.487  1.000 4.1e+10 0
2.459  0.560  0.061 1.2e+09 6.3e+09
2.427  0.745  0.138 4.1e+09 1.1e+10
2.497  0.932  0.312 1.6e+10 1.9e+10
3.328  1.268  0.351 3.4e+10 3.6e+10
0      2.553  1.000 9.6e+09 0
1.532  0.724  0.510 1.7e+10 1.1e+10
2.019  0.688  0.547 1.1e+10 6.3e+09
2.520  1.491  0.585 3.7e+10 2.6e+10
4.628  0.667  0.066 5.0e+09 2.3e+10
2.087  1.222  0.571 2.1e+10 1.7e+10
1.864  0.480  0.089 1.0e+09 4.4e+09
3.085  0.766  0.335 1.3e+10 2.5e+10
0      3.858  1.000 1.7e+11 0
2.380  0.646  0.207 4.6e+09 9.4e+09
4.041  1.311  0.308 2.6e+10 3.6e+10
4.749  1.649  0.483 6.3e+10 6.1e+10
0      2.729  1.000 3.2e+10 0
2.707  1.077  0.153 5.2e+09 1.8e+10
1.445  0      0.000 0       9.9e+09
1.805  0.939  0.163 1.6e+09 6.8e+09
2.796  0.708  0.258 1.1e+10 1.4e+10
2.716  0.721  0.222 1.0e+10 2.6e+10
0      2.150  1.000 2.4e+10 0
4.408  0.747  0.054 4.0e+09 2.3e+10
0      2.453  1.000 3.7e+10 0
4.519  1.040  0.127 9.2e+09 2.8e+10
0      2.866  1.000 2.7e+10 0
2.636  1.101  0.531 1.0e+10 1.8e+10
1.828  1.034  0.525 3.9e+09 2.3e+10
2.926  1.126  0.156 9.6e+09 2.4e+10
2.686  0.777  0.206 8.3e+09 1.9e+10
0      3.175  1.000 5.1e+10 0
3.125  1.242  0.312 2.3e+10 5.4e+10
0      3.836  1.000 9.8e+10 0
3.873  1.057  0.165 6.2e+09 3.5e+10
5.926  0.982  0.068 3.2e+09 3.2e+10
4.149  1.074  0.192 1.2e+10 3.9e+10
6.117  1.714  0.350 7.3e+10 1.2e+11
3.856  1.196  0.557 2.3e+10 1.5e+10
2.033  1.048  0.398 1.0e+10 2.1e+10
1.889  0.412  0.093 4.0e+08 9.9e+09
0      2.054  1.000 3.0e+10 0
2.376  1.514  0.425 2.5e+10 2.7e+10
2.357  0.573  0.146 5.0e+09 2.8e+10
3.293  1.149  0.567 1.8e+10 9.3e+09
0      2.257  1.000 2.6e+10 0
2.381  0.616  0.525 1.2e+10 1.6e+10
1.833  0.769  0.079 1.0e+09 8.4e+09
2.154  0.865  0.373 1.2e+10 2.0e+10
3.929  1.351  0.346 3.7e+10 6.4e+10
0      1.989  1.000 3.1e+10 0
0      2.257  1.000 1.3e+10 0
3.057  0.727  0.065 2.0e+09 1.5e+10
4.553  0.846  0.178 1.0e+10 4.2e+10
1.632  0.506  0.178 4.3e+09 1.8e+10
1.822  0.413  0.287 8.0e+09 1.1e+10
2.618  0.404  0.082 1.7e+09 1.3e+10
1.862  1.442  0.675 1.2e+10 9.3e+09
3.170  0.728  0.088 3.4e+09 2.2e+10
3.968  1.412  0.736 5.0e+10 1.1e+10
5.561  0.813  0.053 1.3e+10 5.2e+10
1.696  1.292  0.700 2.7e+10 8.1e+09
0      2.389  1.000 3.9e+10 0
0      2.266  1.000 1.8e+10 0
3.026  1.201  0.355 1.6e+10 2.1e+10
0      3.215  1.000 5.6e+10 0
4.545  0.921  0.096 4.6e+09 3.8e+10
1.790  0.980  0.522 1.3e+10 9.2e+09
0      3.415  1.000 8.1e+10 0
2.105  1.162  0.544 2.3e+10 1.1e+10
0      2.825  1.000 4.6e+10 0
0      3.123  1.000 5.9e+10 0
3.396  1.495  0.359 4.8e+10 5.9e+10
0      4.167  1.000 8.3e+10 0
3.477  0.731  0.172 5.4e+09 2.7e+10
0      3.070  1.000 3.5e+10 0
2.999  0.921  0.194 1.4e+10 3.3e+10
3.735  0.657  0.087 2.9e+09 1.8e+10
0      3.148  1.000 4.7e+10 0
0      3.938  1.000 1.1e+11 0
0      4.177  1.000 1.0e+11 0
0      3.207  1.000 4.1e+10 0
3.360  0.757  0.265 1.2e+10 2.6e+10
0      2.654  1.000 4.8e+10 0
0      3.414  1.000 5.9e+10 0
0      3.461  1.000 6.0e+10 0
2.744  0.905  0.100 5.9e+09 1.3e+10
2.978  1.218  0.227 7.3e+09 3.5e+10
4.073  0.722  0.118 1.2e+10 3.2e+10
2.329  1.267  0.503 2.0e+10 2.2e+10
1.341  0      0.000 0       4.6e+09
0      3.458  1.000 6.0e+10 0
2.569  0.821  0.045 7.7e+08 9.3e+09
2.566  0.949  0.267 2.7e+10 2.7e+10
3.352  1.027  0.215 2.4e+10 6.5e+10
5.848  0.865  0.161 1.5e+10 5.1e+10
2.838  1.869  0.613 5.2e+10 2.5e+10
3.074  1.292  0.367 4.0e+10 3.1e+10
2.247  1.141  0.446 1.8e+10 3.6e+10
0      3.790  1.000 1.2e+11 0
1.672  0.736  0.634 2.4e+10 3.5e+09
1.390  1.010  0.311 5.1e+09 8.9e+09
2.468  0.939  0.290 1.4e+10 1.2e+10
2.607  1.241  0.613 1.9e+10 3.4e+10
0      2.800  1.000 4.2e+10 0
3.381  0.894  0.303 3.8e+10 2.2e+10
0      2.628  1.000 3.5e+10 0
0      2.950  1.000 4.6e+10 0
4.482  0.662  0.387 8.5e+09 6.7e+09
3.267  0.405  0.034 1.5e+09 2.0e+10
2.323  0.713  0.227 1.6e+10 1.8e+10
2.778  0.799  0.475 2.5e+10 2.3e+10
2.237  0.630  0.215 8.5e+09 2.0e+10
2.366  0.710  0.057 2.0e+09 1.1e+10
1.431  0.527  0.353 5.7e+09 7.6e+09
0      4.127  1.000 1.1e+11 0
2.094  0.507  0.210 6.2e+09 1.5e+10
3.366  0.880  0.086 1.1e+10 3.9e+10
1.785  0.927  0.362 3.6e+10 3.1e+10
2.606  0.547  0.084 2.0e+09 1.4e+10
0      4.225  1.000 5.2e+10 0
0      3.263  1.000 7.4e+10 0
2.515  0.520  0.138 7.5e+09 2.0e+10
0      3.784  1.000 6.9e+10 0
2.821  0.668  0.165 8.8e+09 3.5e+10
2.552  0.994  0.415 2.2e+10 1.3e+10
0      2.333  1.000 1.1e+10 0
3.614  0.693  0.098 7.1e+09 2.3e+10
2.602  1.061  0.320 2.1e+10 4.2e+10
2.382  1.030  0.437 2.2e+10 3.1e+10
2.488  0.835  0.391 1.1e+10 1.8e+10
3.021  0.715  0.172 1.5e+10 2.8e+10
0      4.120  1.000 2.0e+11 0
3.856  0.906  0.422 3.4e+10 1.9e+10
1.757  0.719  0.230 6.5e+09 2.2e+10
2.804  0.323  0.026 2.4e+08 9.5e+09
4.161  0.929  0.082 4.4e+09 1.8e+10
3.918  1.271  0.276 4.1e+10 3.6e+10
3.675  0.388  0.024 5.5e+08 1.1e+10
1.514  0      0.000 0       5.2e+09
5.979  1.315  0.239 2.7e+10 8.1e+10
0      3.467  1.000 8.6e+10 0
2.641  0.569  0.093 4.9e+09 1.1e+10
3.154  1.004  0.320 7.6e+09 1.3e+10
3.013  1.588  0.466 3.2e+10 3.4e+10
6.343  0.781  0.100 1.4e+10 6.0e+10
3.754  1.283  0.382 2.5e+10 2.7e+10
3.066  0.671  0.094 2.3e+09 1.8e+10
0      2.480  1.000 5.8e+10 0
3.410  0.838  0.212 2.1e+10 2.5e+10
0      4.842  1.000 1.4e+11 0
3.049  0.598  0.082 2.1e+09 6.7e+09
0      3.039  1.000 5.9e+10 0
2.186  0.970  0.647 2.6e+10 7.7e+09
1.468  0.260  0.051 2.1e+08 5.3e+09
2.562  0.548  0.189 5.7e+09 1.1e+10
2.099  0.735  0.204 5.9e+09 1.6e+10
3.974  0.647  0.149 5.9e+09 2.4e+10
3.914  0.927  0.101 6.6e+09 3.2e+10
0      4.237  1.000 8.5e+10 0
3.080  1.325  0.636 6.2e+10 1.2e+10
1.795  0.551  0.131 8.7e+08 1.5e+10
0      3.412  1.000 4.2e+10 0
2.904  0.536  0.057 2.8e+09 2.4e+10
0      5.376  1.000 1.1e+11 0
3.607  0.429  0.027 2.1e+09 1.6e+10
0      3.831  1.000 8.5e+10 0
2.130  1.266  0.667 1.8e+10 1.2e+10
0      2.931  1.000 3.7e+10 0
2.387  0.845  0.329 5.4e+09 1.7e+10
3.608  1.214  0.182 9.3e+09 3.2e+10
0      5.500  1.000 1.9e+11 0
4.384  0.980  0.111 3.8e+09 1.4e+10
3.520  1.561  0.507 5.0e+10 3.3e+10
0      3.874  1.000 7.0e+10 0
2.267  0.482  0.084 1.6e+09 1.0e+10
2.828  0.537  0.240 7.9e+09 5.4e+09
3.630  0.461  0.051 4.5e+09 1.9e+10
0      3.221  1.000 2.3e+10 0
2.315  0.843  0.450 1.2e+10 1.3e+10
0      3.250  1.000 4.2e+10 0
0      3.690  1.000 5.1e+10 0
1.775  0.431  0.080 4.4e+09 8.2e+09
2.296  0      0.000 0       1.2e+10
5.467  0.549  0.030 8.3e+08 1.9e+10
2.425  0.738  0.276 7.3e+09 1.9e+10
2.342  0.896  0.360 1.5e+10 1.3e+10
0      4.203  1.000 5.5e+10 0
1.955  0.757  0.325 1.2e+10 1.3e+10
3.939  0      0.000 0       8.7e+09
0      4.027  1.000 6.5e+10 0
0      3.853  1.000 8.3e+10 0
0      4.943  1.000 9.6e+10 0
0      4.946  1.000 1.3e+11 0
1.985  1.138  0.395 3.0e+09 6.8e+09
1.095  0      0.000 0       9.1e+09
2.325  1.218  0.566 1.8e+10 2.0e+10
6.294  0.905  0.210 1.1e+10 3.8e+10
1.432  0.852  0.423 3.7e+09 6.5e+09
0      3.141  1.000 5.4e+10 0
0.754  0.426  0.563 5.0e+09 8.8e+09
3.808  0.838  0.232 2.0e+10 1.5e+10
2.944  0.565  0.066 5.3e+08 4.6e+09
0      2.749  1.000 4.1e+10 0
2.677  0.408  0.093 1.4e+09 1.7e+10
2.064  0.732  0.409 1.8e+10 1.5e+10
1.530  0.681  0.436 1.4e+10 6.8e+09
2.045  0.400  0.151 1.5e+09 8.1e+09
0      2.126  1.000 1.4e+10 0
2.658  0.572  0.072 5.3e+09 9.4e+09
2.937  0.442  0.045 5.6e+08 9.8e+09
0.915  0.600  0.579 7.1e+09 6.9e+09
0      2.207  1.000 1.8e+10 0
0      2.962  1.000 4.2e+10 0
5.179  1.825  0.414 1.0e+11 9.6e+10
5.221  1.429  0.195 7.3e+10 1.4e+11
0      7.334  1.000 1.7e+11 0
0      4.581  1.000 1.2e+11 0
0      3.008  1.000 4.7e+10 0
2.136  1.093  0.433 1.3e+10 2.2e+10
0      2.797  1.000 2.7e+10 0
3.245  0.800  0.157 4.3e+09 1.9e+10
3.522  1.709  0.563 4.7e+10 2.1e+10
1.910  0.756  0.418 8.6e+09 1.5e+10
1.505  0.540  0.377 8.9e+09 8.2e+09
3.133  1.023  0.121 8.2e+09 1.9e+10
4.056  0.773  0.122 7.1e+09 1.8e+10
3.676  0.390  0.028 5.7e+08 8.5e+09
2.014  0.600  0.068 1.5e+09 1.3e+10
2.370  1.123  0.468 2.5e+10 1.6e+10
2.486  0.426  0.081 1.7e+09 1.5e+10
3.536  0.864  0.115 1.0e+10 2.0e+10
0      2.085  1.000 1.6e+10 0
0      2.053  1.000 3.0e+10 0
0      4.065  1.000 7.6e+10 0
0      2.719  1.000 2.9e+10 0
2.838  0.706  0.261 6.3e+09 1.0e+10
1.631  0      0.000 0       1.5e+10
0      3.236  1.000 3.9e+10 0
4.068  0.485  0.018 1.7e+08 9.2e+09
0      2.136  1.000 2.2e+10 0
2.591  0.994  0.616 2.6e+10 1.5e+10
1.830  0.855  0.515 1.5e+10 1.8e+10
1.517  0.949  0.277 1.8e+09 8.8e+09
1.620  1.010  0.395 1.7e+10 1.2e+10
4.447  0.792  0.150 1.2e+10 3.3e+10
2.981  1.382  0.569 3.5e+10 2.0e+10
2.861  0.621  0.240 5.1e+09 1.0e+10
0      1.904  1.000 2.1e+10 0
2.770  1.557  0.580 4.7e+10 1.7e+10
3.602  0.668  0.051 6.4e+09 2.1e+10
4.995  0.664  0.143 5.2e+09 2.6e+10
2.174  1.195  0.363 2.6e+10 3.3e+10
0      3.316  1.000 6.7e+10 0
0      2.749  1.000 3.8e+10 0
2.995  0.507  0.058 8.2e+08 9.8e+09
2.703  0.705  0.314 1.2e+10 1.8e+10
2.130  0.688  0.138 6.8e+08 7.9e+09
3.056  0.784  0.135 9.0e+09 1.4e+10
4.573  1.070  0.272 1.5e+10 2.0e+10
2.326  1.023  0.458 3.6e+10 1.7e+10
0      4.711  1.000 8.7e+10 0
2.521  0.580  0.091 8.3e+08 1.3e+10
1.463  0.778  0.081 1.2e-07 8.4e+09
5.039  0.931  0.129 1.6e+10 5.0e+10
0      2.609  1.000 3.0e+10 0
0      2.503  1.000 1.2e+10 0
1.655  0.489  0.158 7.8e+08 4.5e+09
3.434  0.643  0.079 1.0e+09 1.0e+10
3.096  0.557  0.155 5.0e+09 1.6e+10
2.266  1.449  0.707 3.1e+10 1.3e+10
2.765  0.427  0.050 8.2e+08 5.3e+09
2.394  0.612  0.255 2.2e+09 1.0e+10
0      4.142  1.000 4.8e+10 0
1.530  0.464  0.143 3.4e+09 2.3e+10
4.241  1.137  0.142 2.1e+10 2.6e+10
0      3.705  1.000 3.8e+10 0
3.371  1.226  0.431 1.5e+10 2.3e+10
0      6.568  1.000 1.3e+11 0
3.079  1.201  0.249 8.8e+09 3.1e+10
5.322  1.133  0.355 2.4e+10 3.2e+10
3.712  0.701  0.223 6.5e+09 1.7e+10
4.189  0.997  0.190 1.2e+10 2.9e+10
2.657  1.969  0.472 2.6e+10 2.2e+10
0      2.979  1.000 2.3e+10 0
0      3.192  1.000 3.5e+10 0
2.819  0      0.000 0       1.2e+10
1.437  0.554  0.205 2.8e+09 8.2e+09
4.629  0.762  0.113 6.8e+09 2.5e+10
0      3.059  1.000 3.1e+10 0
2.731  1.223  0.383 1.5e+10 3.0e+10
2.222  0      0.000 0       1.2e+10
5.528  0.845  0.064 2.5e+09 2.6e+10
2.933  1.298  0.524 3.2e+10 1.2e+10
3.616  1.151  0.154 1.4e+10 4.1e+10
1.716  0.498  0.182 1.5e+09 9.1e+09
2.708  1.142  0.709 1.4e+10 7.5e+09
3.831  0.899  0.101 4.9e+09 2.6e+10
2.751  0      0.000 0       1.5e+10
0      4.546  1.000 1.0e+11 0
0      5.179  1.000 9.3e+10 0
2.740  0.609  0.347 2.7e+09 5.6e+09
3.688  0.832  0.036 2.9e+10 3.0e+10
2.234  1.084  0.503 1.1e+10 1.3e+10
7.817  1.080  0.090 2.0e+10 6.0e+10
3.360  1.123  0.325 1.1e+10 1.4e+10
1.963  1.335  0.166 4.4e+08 8.0e+09
0      3.955  1.000 9.1e+10 0
1.991  0.670  0.184 8.1e+08 7.9e+09
0      4.164  1.000 6.8e+10 0
5.220  1.425  0.387 1.9e+10 1.5e+10
3.199  1.021  0.468 1.4e+10 1.1e+10
1.916  0.439  0.055 1.2e+09 8.4e+09
3.189  0.646  0.131 3.0e+09 1.3e+10
5.049  0.993  0.127 1.3e+10 4.8e+10
0      4.230  1.000 7.0e+10 0
0      4.591  1.000 7.7e+10 0
0      2.799  1.000 4.6e+10 0
0      1.795  1.000 1.5e+10 0
1.652  0.347  0.188 1.5e+09 8.0e+09
3.942  0.594  0.066 3.0e+09 1.7e+10
3.335  0.836  0.406 7.5e+09 1.4e+10
2.138  0.754  0.396 7.1e+09 1.3e+10
1.744  0.871  0.534 1.2e+10 4.2e+09
3.912  0.757  0.042 4.1e+09 5.3e+10
1.942  0.784  0.316 3.3e+09 8.3e+09
0      5.048  1.000 1.2e+11 0
1.969  1.226  0.635 1.9e+10 8.0e+09
5.549  0.996  0.203 3.3e+10 1.6e+10
5.534  0.790  0.070 5.9e+09 3.3e+10
2.745  1.151  0.513 2.8e+10 2.0e+10
2.752  0.630  0.222 9.8e+09 1.7e+10
5.058  1.280  0.387 5.3e+10 5.1e+10
2.501  0.843  0.135 5.3e+09 1.7e+10
0      3.091  1.000 3.9e+10 0
4.377  1.371  0.351 3.5e+10 3.1e+10
2.279  0.927  0.803 2.4e+10 2.4e+09
2.503  1.158  0.324 1.1e+11 3.4e+10
2.419  0.597  0.037 9.6e+09 9.7e+09
2.445  0.575  0.072 1.5e+10 1.5e+10
3.158  1.327  0.394 3.1e+10 2.0e+10
0      5.676  1.000 1.9e+11 0
2.248  0.864  0.302 1.4e+10 1.5e+10
1.096  0.508  0.425 3.4e+09 5.2e+09
0      3.495  1.000 3.2e+10 0
2.031  0.863  0.000 4.2e+09 1.4e+10
2.795  0.517  0.084 1.1e+09 9.6e+09
2.782  0.771  0.106 4.1e+09 1.7e+10
2.378  0.800  0.367 1.4e+10 1.5e+10
1.377  0.625  0.353 3.8e+09 7.0e+09
0      3.777  1.000 6.0e+10 0
0      3.863  1.000 6.9e+10 0
0      4.611  1.000 1.3e+11 0
3.992  0.788  0.097 4.7e+09 3.2e+10
2.951  0.933  0.420 2.4e+10 1.5e+10
0      2.592  1.000 2.5e+10 0
2.584  1.473  0.179 3.3e+09 3.3e+10
3.893  0.813  0.063 3.8e+09 1.6e+10
0      4.436  1.000 7.4e+10 0
6.245  0.779  0.135 2.2e+10 6.7e+10
2.449  1.182  0.692 4.0e+10 1.2e+10
4.230  0.904  0.128 8.1e+09 3.4e+10
4.659  0.869  0.075 4.8e+09 1.2e+10
4.810  2.017  0.378 7.7e+10 9.7e+10
0      3.076  1.000 3.6e+10 0
4.137  1.874  0.565 2.2e+10 9.6e+09
2.950  1.522  0.641 5.8e+10 2.0e+10
3.385  0.633  0.104 2.4e+09 1.2e+10
0      2.375  1.000 2.0e+10 0
0      2.434  1.000 2.1e+10 0
3.158  0.686  0.173 8.3e+09 2.7e+10
2.388  0.847  0.149 3.7e+09 1.8e+10
3.532  1.076  0.252 2.3e+10 3.2e+10
2.685  0.667  0.121 3.0e+09 1.1e+10
6.490  0.872  0.099 7.2e+09 3.3e+10
2.069  0.935  0.419 5.7e+09 5.3e+09
0      3.355  1.000 4.5e+10 0
3.749  1.108  0.159 1.6e+10 2.5e+10
4.239  0.634  0.019 2.9e+08 1.7e+10
3.000  1.275  0.423 1.9e+10 1.8e+10
0      5.429  1.000 1.2e+11 0
0      4.464  1.000 8.4e+10 0
0      4.483  1.000 7.8e+10 0
2.281  1.083  0.292 7.9e+09 1.5e+10
0      3.689  1.000 5.8e+10 0
2.133  1.129  0.480 7.4e+09 1.1e+10
4.721  0.667  0.089 6.8e+09 5.1e+10
2.267  1.477  0.492 1.4e+10 1.1e+10
0      3.649  1.000 6.0e+10 0
3.210  1.904  0.635 2.5e+10 3.9e+10
2.422  0.599  0.157 4.4e+09 2.0e+10
2.602  0.998  0.339 3.7e+10 3.0e+10
3.136  1.255  0.511 2.5e+10 2.3e+10
2.701  0.532  0.131 5.0e+09 1.1e+10
2.982  0.553  0.103 1.1e+09 9.1e+09
0      2.275  1.000 1.7e+10 0
0      2.591  1.000 2.8e+10 0
2.138  0.812  0.497 3.2e+10 4.6e+10
2.765  0.828  0.106 8.2e+10 1.4e+10
0      3.446  1.000 5.4e+10 0
4.557  0.962  0.228 1.9e+10 4.9e+10
3.014  0.762  0.158 2.5e+10 2.7e+10
4.314  1.700  0.553 1.3e+11 3.7e+10
4.308  0.975  0.251 2.1e+10 3.2e+10
3.100  1.222  0.289 1.7e+10 1.2e+10
3.273  0.654  0.056 2.5e+09 1.3e+10
3.583  1.003  0.525 7.9e+09 1.9e+10
0      2.748  1.000 3.9e+10 0
2.574  0.700  0.071 3.5e+09 1.1e+10
3.531  1.270  0.242 2.9e+10 3.0e+10
4.723  0.928  0.064 1.2e+10 2.7e+10
2.966  0.873  0.377 1.5e+10 3.1e+10
1.468  0.526  0.497 8.3e+09 8.2e+09
1.452  0.495  0.195 1.7e+09 8.7e+09