Massbins;b_E;E;B_E;b_S0Sab;S0Sab;B_S0Sab;b_S0Sad;S0Sad;B_S0Sad;b_SabScdb;SabScdb;B_SabScdb;b_SabScdd;SabScdd;B_SabScdd;b_SabScdcomb;SabScdcomb;B_SabScdcomb;b_SdIrr;SdIrr;B_SdIrr;b_LBS;LBS;B_LBS;b_Sph;Sph;B_Sph;b_Disk;Disk;B_Disk
 8.05 0.00000000000000e+00 0.00000000000000e+00 0.00000000000000e+00 9.61096523536492e-05 1.74554318052379e-04 2.52998983751109e-04 0.00000000000000e+00 3.52530126166168e-05 7.05060252332337e-05 1.12154758889187e-03 1.33879529904881e-03 0.001556043009205760 1.32182095959484e-03 1.55603200988112e-03 1.79024306016739e-03 3.45767302512042e-04 4.75197354392517e-04 6.04627406272991e-04 2.70424728165104e-02 2.80366439091585e-02 2.90308150018066e-02 4.93409411571749e-03 5.36915609708464e-03 0.005804218078451790 9.61096523536492e-05 1.74554318052379e-04 2.52998983751109e-04 2.75439137965502e-02 0.028547094276167601 0.029550274755785099
 8.15 0.00000000000000e+00 0.00000000000000e+00 0.00000000000000e+00 0.00000000000000e+00 0.00000000000000e+00 0.00000000000000e+00 2.06507366763043e-05 7.05060252332337e-05 1.20361313790163e-04 1.47977863901760e-03 1.72648449567360e-03 0.001973190352329610 7.66712960930722e-04 9.49686482360717e-04 1.13266000379071e-03 2.50624839664251e-03 2.82163907150011e-03 3.13702974635771e-03 1.49323896697290e-02 1.56757726194450e-02 1.64191555691611e-02 8.07513415162166e-03 8.62659911650394e-03 0.009178064081386210 0.00000000000000e+00 0.00000000000000e+00 0.00000000000000e+00 1.77588595986660e-02 0.018567917716178401 0.019376975833690802
 8.25 2.08385227436368e-04 3.13515452388901e-04 4.18645677341434e-04 0.00000000000000e+00 3.52530126166168e-05 7.05060252332337e-05 0.00000000000000e+00 3.52530126166168e-05 7.05060252332337e-05 1.35063934857136e-03 1.58718319023784e-03 0.001823727031904320 6.81232315610686e-04 8.54827360867423e-04 1.02842240612416e-03 1.33249893246080e-03 1.56757726194450e-03 1.80265559142821e-03 2.75270277390299e-02 2.85299061673900e-02 2.95327845957500e-02 6.27026693171523e-03 6.75837881821930e-03 0.007246490704723370 2.37885016749623e-04 3.48768465005518e-04 4.59651913261412e-04 2.91020717350938e-02 0.030132736441951101 0.031163401148808400
 8.35 2.08385227436368e-04 3.13515452388901e-04 4.18645677341434e-04 0.00000000000000e+00 3.52530126166168e-05 7.05060252332337e-05 4.46990288780035e-05 1.05759037849851e-04 1.66819046821698e-04 2.95750200921973e-03 3.29850376097724e-03 0.003639505512734750 2.24927704522903e-03 2.54904622072859e-03 2.84881539622815e-03 2.80270356211314e-03 3.13515452388901e-03 3.46760548566488e-03 2.29106703285969e-02 2.38271743815565e-02 2.47436784345160e-02 6.94389005764501e-03 7.45659609042881e-03 0.007969302123212610 2.37885016749623e-04 3.48768465005518e-04 4.59651913261412e-04 2.60912401323377e-02 0.027068087943295301 0.028044935754252900
 8.45 3.87792807584181e-04 5.23662954157137e-04 6.59533100730092e-04 5.34562505265987e-05 1.17935585979880e-04 1.82414921433162e-04 2.10092840224895e-04 3.15566368518846e-04 4.21039896812797e-04 1.52543262825617e-03 1.77562480145096e-03 0.002025816974645740 2.61982775201687e-03 2.94186765244550e-03 3.26390755287412e-03 2.15024738986864e-03 2.44376045273330e-03 2.73727351559797e-03 1.07135895595624e-02 1.13460306734046e-02 1.19784717872469e-02 5.07363848027861e-03 5.51455181024441e-03 0.005955465140210210 4.91204785511856e-04 6.41598540137017e-04 7.91992294762178e-04 1.34001934387655e-02 0.014105357494656801 0.014810521550548000
 8.55 1.17455952416510e-03 1.39643454441903e-03 1.61830956467297e-03 1.25166182893092e-04 2.11518075699701e-04 2.97869968506310e-04 1.25166182893092e-04 2.11518075699701e-04 2.97869968506310e-04 2.45534081745778e-03 2.76770255162420e-03 0.003080064285790610 1.65395701955106e-03 1.91369437113940e-03 2.17343172272774e-03 2.80916519456192e-03 3.14197772494282e-03 3.47479025532372e-03 1.37733434818610e-02 1.44880083983474e-02 1.52026733148339e-02 3.14027115109837e-03 3.49108636104758e-03 0.003841901570996790 1.36986613582370e-03 1.60795262011873e-03 1.84603910441376e-03 1.70484299448205e-02 0.017841504198989999 0.018634578453159401
 8.65 3.87792807584181e-04 5.23662954157137e-04 6.59533100730092e-04 2.61617143308462e-04 3.76883222426228e-04 4.92149301543994e-04 1.34891980872785e-04 2.23694623829731e-04 3.12497266786677e-04 2.50245132405694e-03 2.81761714175802e-03 0.003132782959459100 2.22921252433972e-03 2.52772539729886e-03 2.82623827025800e-03 2.31449988693569e-03 2.61831477078568e-03 2.92212965463567e-03 1.49656971830187e-02 1.57098886247141e-02 1.64540800664095e-02 3.69984525734910e-03 4.07905354591627e-03 0.004458261834483440 7.22369394355883e-04 9.00546176583365e-04 1.07872295881085e-03 1.77431889894939e-02 0.018551898019329500 0.019360607049165101
 8.75 3.63849991064321e-04 4.96095440179581e-04 6.28340889294841e-04 2.81217176037916e-04 3.99959686912815e-04 5.18702197787714e-04 1.25166182893092e-04 2.11518075699701e-04 2.97869968506310e-04 2.21775584166620e-03 2.51554884916883e-03 0.002813341856671470 1.91169108647240e-03 2.18951667755066e-03 2.46734226862893e-03 1.71989086248780e-03 1.98438176071832e-03 2.24887265894884e-03 7.40854524641225e-03 7.93752704287329e-03 8.46650883933433e-03 1.56578585827107e-03 1.81901661399180e-03 0.002072247369712520 7.18323186517348e-04 8.96055127092396e-04 1.07378706766744e-03 9.53573646977714e-03 0.010133426879291300 0.010731117288805500
 8.85 9.55547766790985e-04 1.15755602708569e-03 1.35956428738039e-03 2.41050311915007e-04 3.52530126166168e-04 4.64009940417330e-04 1.82313523819076e-04 2.82024100932935e-04 3.81734678046794e-04 1.96033691961748e-03 2.24143728778828e-03 0.002522537655959070 1.84450059626194e-03 2.11773402054396e-03 2.39096744482597e-03 1.87445605243748e-03 2.14974690744485e-03 2.42503776245222e-03 1.06152157041657e-02 1.12448299774038e-02 1.18744442506419e-02 2.14017862650338e-03 2.43304764015126e-03 0.002725916653799140 1.27935885488262e-03 1.51008615325186e-03 1.74081345162109e-03 1.29822369695018e-02 0.013676600985781599 0.014370965002061401
 8.95 1.46512849799753e-03 1.71070431259500e-03 1.95628012719247e-03 5.26929013403766e-04 6.81983787845750e-04 8.37038562287733e-04 3.92260858481456e-04 5.28795189249253e-04 6.65329520017050e-04 2.87008641524139e-03 3.20628769508320e-03 0.003542488974925010 2.18541330986530e-03 2.48116406306668e-03 2.77691481626807e-03 2.92757693107418e-03 3.26694339482003e-03 3.60630985856588e-03 1.23253416908311e-02 1.30023740811408e-02 1.36794064714505e-02 1.99276798721676e-03 2.27602914623434e-03 0.002559290305251930 2.10225830893777e-03 2.39268810044075e-03 2.68311789194373e-03 1.60285776902271e-02 0.016798112665210099 0.017567647640193002
 9.05 7.36822528786976e-04 9.16578328032038e-04 1.09633412727710e-03 6.10214991607337e-04 7.75566277565571e-04 9.40917563523804e-04 3.92260858481456e-04 5.28795189249253e-04 6.65329520017050e-04 2.68380312921401e-03 3.00952513905870e-03 0.003335247148903390 2.45975191540532e-03 2.77237733532547e-03 3.08500275524562e-03 1.80914421642071e-03 2.07992774438039e-03 2.35071127234008e-03 6.34806679995896e-03 6.83908444762367e-03 7.33010209528838e-03 1.73975488818185e-03 2.00566005798651e-03 0.002271565227791170 1.44790456971022e-03 1.69214460559761e-03 1.93638464148500e-03 8.87069069217676e-03 0.009447807381253309 0.010024924070329899
 9.15 6.10214991607337e-04 7.75566277565571e-04 9.40917563523804e-04 6.10214991607337e-04 7.75566277565571e-04 9.40917563523804e-04 2.70862123203802e-04 3.87783138782785e-04 5.04704154361768e-04 3.00502049157417e-03 3.34860208532137e-03 0.003692183679068560 2.31532315200242e-03 2.61918873672897e-03 2.92305432145552e-03 1.87509893924996e-03 2.15043376961363e-03 2.42576859997729e-03 4.82238102074902e-03 5.25269887987591e-03 5.68301673900281e-03 7.05060252332337e-04 8.81325315415421e-04 0.001057590378498510 1.31729052397318e-03 1.55113255513114e-03 1.78497458628911e-03 7.26684207916361e-03 0.007790915788272320 0.008314989497381031
 9.25 1.18716087616235e-03 1.41012050466467e-03 1.63308013316700e-03 8.64501676197153e-04 1.05759037849851e-03 1.25067908079986e-03 5.47403987087511e-04 7.05060252332337e-04 8.62716517577163e-04 3.03684625336971e-03 3.38214435290728e-03 0.003727442452444850 2.47165236678016e-03 2.78498799671273e-03 3.09832362664530e-03 2.10650106865086e-03 2.39720485792995e-03 2.68790864720903e-03 4.51830249585731e-03 4.93542176632636e-03 5.35254103679540e-03 5.47403987087511e-04 7.05060252332337e-04 0.000862716517577163 2.17276301845093e-03 2.46771088316318e-03 2.76265874787543e-03 7.50537805938870e-03 0.008037686876588641 0.008569995693788581
 9.35 1.28471007948462e-03 1.51587954251452e-03 1.74704900554443e-03 9.28675249504022e-04 1.12809640373174e-03 1.32751755795946e-03 5.47403987087511e-04 7.05060252332337e-04 8.62716517577163e-04 2.60482981727077e-03 2.92600004717920e-03 0.003247170277087620 2.58302234529935e-03 2.90292358269261e-03 3.22282482008587e-03 2.70483609520565e-03 3.03175908502905e-03 3.35868207485245e-03 3.27328129712266e-03 3.63106029951154e-03 3.98883930190041e-03 3.31182619412228e-04 4.58289164016019e-04 0.000585395708619810 2.33867590138703e-03 2.64397594624626e-03 2.94927599110550e-03 6.85823274558799e-03 0.007367879636872920 0.007877526528157850
 9.45 1.41520911485789e-03 1.65689159298099e-03 1.89857407110410e-03 1.12230031481073e-03 1.33961447943144e-03 1.55692864405215e-03 8.64501676197153e-04 1.05759037849851e-03 1.25067908079986e-03 2.57151742803950e-03 2.89074703456258e-03 0.003209976641085660 1.91950869376374e-03 2.19786333036027e-03 2.47621796695681e-03 2.77156253834581e-03 3.10226511026228e-03 3.43296768217875e-03 1.74326731054719e-03 2.00942171914716e-03 2.27557612774713e-03 9.74369304606712e-05 1.76265063083084e-04 0.000255093195705497 2.67148935534003e-03 2.99650607241243e-03 3.32152278948484e-03 5.70292368616099e-03 0.006169277207907950 0.006635630729654900
 9.55 1.61176386290353e-03 1.86840966868069e-03 2.12505547445786e-03 1.34990116988052e-03 1.58638556774776e-03 1.82286996561500e-03 7.68651313733114e-04 9.51831340648655e-04 1.13501136756420e-03 2.33867590138703e-03 2.64397594624626e-03 0.002949275991105500 1.90810428330437e-03 2.18568678223024e-03 2.46326928115612e-03 2.83833169274203e-03 3.17277113549552e-03 3.50721057824900e-03 1.61176386290353e-03 1.86840966868069e-03 2.12505547445786e-03 1.53500383966927e-04 2.46771088316318e-04 0.000340041792665708 3.10580821652994e-03 3.45479523642845e-03 3.80378225632696e-03 5.53336909554309e-03 0.005993012144824860 0.006452655194106640
 9.65 1.15471249881977e-03 1.37486749204806e-03 1.59502248527634e-03 1.51337418804620e-03 1.76265063083084e-03 2.01192707361549e-03 1.08992576259034e-03 1.30436146681482e-03 1.51879717103931e-03 2.84986709499929e-03 3.18494768362555e-03 0.003520028272251800 1.84211209546142e-03 2.11518075699701e-03 2.38824941853260e-03 2.53821690839641e-03 2.85549402194596e-03 3.17277113549552e-03 8.64501676197153e-04 1.05759037849851e-03 1.25067908079986e-03 2.06507366763043e-05 7.05060252332337e-05 0.000120361313790163 2.80494186700558e-03 3.13751812287890e-03 3.47009437875222e-03 4.78857445881032e-03 0.005217445867259290 0.005646317275708270
 9.75 1.44790456971022e-03 1.69214460559761e-03 1.93638464148500e-03 2.00722694596091e-03 2.29144582008010e-03 2.57566469419928e-03 1.18716087616235e-03 1.41012050466467e-03 1.63308013316700e-03 2.60482981727077e-03 2.92600004717920e-03 0.003247170277087620 1.57894356685649e-03 1.83315665606408e-03 2.08736974527166e-03 2.90514214233173e-03 3.24327716072875e-03 3.58141217912577e-03 7.36822528786976e-04 9.16578328032038e-04 1.09633412727710e-03 2.06507366763043e-05 7.05060252332337e-05 0.000120361313790163 3.60884576122489e-03 3.98359042567770e-03 4.35833509013051e-03 5.12685249600010e-03 0.005569975993425460 0.006013099490850820
 9.85 1.44790456971022e-03 1.69214460559761e-03 1.93638464148500e-03 1.90810428330437e-03 2.18568678223024e-03 2.46326928115612e-03 1.38254101589920e-03 1.62163858036437e-03 1.86073614482955e-03 1.84211209546142e-03 2.11518075699701e-03 0.002388249418532600 1.74326731054719e-03 2.00942171914716e-03 2.27557612774713e-03 2.40513804122040e-03 2.71448197147950e-03 3.02382590173860e-03 3.92260858481456e-04 5.28795189249253e-04 6.65329520017050e-04 2.06507366763043e-05 7.05060252332337e-05 0.000120361313790163 3.50809467225824e-03 3.87783138782785e-03 4.24756810339747e-03 4.45078661147347e-03 0.004864915741093120 0.005279044870712780
 9.95 1.71035931640454e-03 1.97416870653054e-03 2.23797809665654e-03 2.30546505245835e-03 2.60872293362965e-03 2.91198081480094e-03 1.54614677695537e-03 1.79790364344746e-03 2.04966050993955e-03 1.64460700287748e-03 1.90366268129731e-03 0.002162718359717140 2.30546505245835e-03 2.60872293362965e-03 2.91198081480094e-03 2.67148935534003e-03 2.99650607241243e-03 3.32152278948484e-03 3.31182619412228e-04 4.58289164016019e-04 5.85395708619810e-04 0.00000000000000e+00 0.00000000000000e+00 0.000000000000000000 4.18094545369843e-03 4.58289164016019e-03 4.98483782662195e-03 4.82238102074902e-03 0.005252698879875910 0.005683016739002810
10.05 1.31729052397318e-03 1.55113255513114e-03 1.78497458628911e-03 2.37190031996049e-03 2.67922895886288e-03 2.98655759776527e-03 1.51337418804620e-03 1.76265063083084e-03 2.01192707361549e-03 1.18716087616235e-03 1.41012050466467e-03 0.001633080133167000 1.12230031481073e-03 1.33961447943144e-03 1.55692864405215e-03 1.80914421642071e-03 2.07992774438039e-03 2.35071127234008e-03 2.11518075699701e-04 3.17277113549552e-04 4.23036151399402e-04 0.00000000000000e+00 0.00000000000000e+00 0.000000000000000000 3.84418410939132e-03 4.23036151399402e-03 4.61653891859673e-03 3.77690975105297e-03 0.004159855488760790 0.004542801226468610
10.15 1.02529580634707e-03 1.23385544158159e-03 1.44241507681611e-03 1.67747235508101e-03 1.93891569391393e-03 2.20035903274684e-03 1.54614677695537e-03 1.79790364344746e-03 2.04966050993955e-03 1.28471007948462e-03 1.51587954251452e-03 0.001747049005544430 9.93043808249106e-04 1.19860242896497e-03 1.40416104968084e-03 2.40513804122040e-03 2.71448197147950e-03 3.02382590173860e-03 4.46990288780035e-05 1.05759037849851e-04 1.66819046821698e-04 0.00000000000000e+00 0.00000000000000e+00 0.000000000000000000 2.83833169274203e-03 3.17277113549552e-03 3.50721057824900e-03 4.21465548103895e-03 0.004618144652776810 0.005021633824514660
10.25 1.08992576259034e-03 1.30436146681482e-03 1.51879717103931e-03 2.04030200432020e-03 2.32669883269671e-03 2.61309566107322e-03 2.00722694596091e-03 2.29144582008010e-03 2.57566469419928e-03 1.02529580634707e-03 1.23385544158159e-03 0.001442415076816110 1.25216089629191e-03 1.48062652989791e-03 1.70909216350390e-03 1.97416870653054e-03 2.25619280746348e-03 2.53821690839641e-03 7.05060252332337e-05 1.41012050466467e-04 2.11518075699701e-04 0.00000000000000e+00 0.00000000000000e+00 0.000000000000000000 3.27328129712266e-03 3.63106029951154e-03 3.98883930190041e-03 4.28209310335819e-03 0.004688650678010040 0.005095208252661890
10.35 9.93043808249106e-04 1.19860242896497e-03 1.40416104968084e-03 1.34990116988052e-03 1.58638556774776e-03 1.82286996561500e-03 1.08992576259034e-03 1.30436146681482e-03 1.51879717103931e-03 1.82313523819076e-04 2.82024100932935e-04 0.000381734678046794 8.96562923785926e-04 1.09284339111512e-03 1.28912385844432e-03 1.48062652989791e-03 1.72739761821423e-03 1.97416870653054e-03 0.00000000000000e+00 0.00000000000000e+00 0.00000000000000e+00 0.00000000000000e+00 0.00000000000000e+00 0.000000000000000000 2.47165236678016e-03 2.78498799671273e-03 3.09832362664530e-03 2.70483609520565e-03 0.003031759085029050 0.003358682074852450
10.45 9.93043808249106e-04 1.19860242896497e-03 1.40416104968084e-03 8.32494082993415e-04 1.02233736588189e-03 1.21218064877036e-03 1.28471007948462e-03 1.51587954251452e-03 1.74704900554443e-03 3.92260858481456e-04 5.28795189249253e-04 0.000665329520017050 7.05060252332337e-04 8.81325315415421e-04 1.05759037849851e-03 1.25216089629191e-03 1.48062652989791e-03 1.70909216350390e-03 0.00000000000000e+00 3.52530126166168e-05 7.05060252332337e-05 0.00000000000000e+00 0.00000000000000e+00 0.000000000000000000 1.94112768179869e-03 2.22093979484686e-03 2.50075190789503e-03 2.70483609520565e-03 0.003031759085029050 0.003358682074852450
10.55 5.78763666158074e-04 7.40313264948954e-04 9.01862863739834e-04 4.84988361428315e-04 6.34554227099103e-04 7.84120092769891e-04 1.41520911485789e-03 1.65689159298099e-03 1.89857407110410e-03 1.25166182893092e-04 2.11518075699701e-04 0.000297869968506310 5.16142920264523e-04 6.69807239715720e-04 8.23471559166917e-04 7.68651313733114e-04 9.51831340648655e-04 1.13501136756420e-03 0.00000000000000e+00 0.00000000000000e+00 0.00000000000000e+00 0.00000000000000e+00 0.00000000000000e+00 0.000000000000000000 1.15471249881977e-03 1.37486749204806e-03 1.59502248527634e-03 2.30546505245835e-03 0.002608722933629650 0.002911980814800940
10.65 5.47403987087511e-04 7.05060252332337e-04 8.62716517577163e-04 3.92260858481456e-04 5.28795189249253e-04 6.65329520017050e-04 8.96562923785926e-04 1.09284339111512e-03 1.28912385844432e-03 4.46990288780035e-05 1.05759037849851e-04 0.000166819046821698 3.92260858481456e-04 5.28795189249253e-04 6.65329520017050e-04 8.00542944566491e-04 9.87084353265272e-04 1.17362576196405e-03 0.00000000000000e+00 0.00000000000000e+00 0.00000000000000e+00 0.00000000000000e+00 0.00000000000000e+00 0.000000000000000000 1.02529580634707e-03 1.23385544158159e-03 1.44241507681611e-03 1.80914421642071e-03 0.002079927744380390 0.002350711272340080
10.75 5.47403987087511e-04 7.05060252332337e-04 8.62716517577163e-04 1.82313523819076e-04 2.82024100932935e-04 3.81734678046794e-04 7.36822528786976e-04 9.16578328032038e-04 1.09633412727710e-03 2.06507366763043e-05 7.05060252332337e-05 0.000120361313790163 7.05060252332337e-05 1.41012050466467e-04 2.11518075699701e-04 5.16142920264523e-04 6.69807239715720e-04 8.23471559166917e-04 0.00000000000000e+00 0.00000000000000e+00 0.00000000000000e+00 0.00000000000000e+00 0.00000000000000e+00 0.000000000000000000 8.00542944566491e-04 9.87084353265272e-04 1.17362576196405e-03 1.34990116988052e-03 0.001586385567747760 0.001822869965615000
10.85 6.41751780983675e-04 8.10819290182187e-04 9.79886799380699e-04 7.05060252332337e-05 1.41012050466467e-04 2.11518075699701e-04 3.61637481569636e-04 4.93542176632636e-04 6.25446871695635e-04 2.06507366763043e-05 7.05060252332337e-05 0.000120361313790163 7.05060252332337e-05 1.41012050466467e-04 2.11518075699701e-04 4.84988361428315e-04 6.34554227099103e-04 7.84120092769891e-04 0.00000000000000e+00 0.00000000000000e+00 0.00000000000000e+00 0.00000000000000e+00 0.00000000000000e+00 0.000000000000000000 7.68651313733114e-04 9.51831340648655e-04 1.13501136756420e-03 9.28675249504022e-04 0.001128096403731740 0.001327517557959460
10.95 6.41751780983675e-04 8.10819290182187e-04 9.79886799380699e-04 9.74369304606712e-05 1.76265063083084e-04 2.55093195705497e-04 2.41050311915007e-04 3.52530126166168e-04 4.64009940417330e-04 0.00000000000000e+00 0.00000000000000e+00 0.000000000000000000 9.74369304606712e-05 1.76265063083084e-04 2.55093195705497e-04 1.25166182893092e-04 2.11518075699701e-04 2.97869968506310e-04 0.00000000000000e+00 0.00000000000000e+00 0.00000000000000e+00 0.00000000000000e+00 0.00000000000000e+00 0.000000000000000000 8.00542944566491e-04 9.87084353265272e-04 1.17362576196405e-03 4.23036151399402e-04 0.000564048201865870 0.000705060252332337
11.05 5.47403987087511e-04 7.05060252332337e-04 8.62716517577163e-04 0.00000000000000e+00 3.52530126166168e-05 7.05060252332337e-05 7.05060252332337e-05 1.41012050466467e-04 2.11518075699701e-04 0.00000000000000e+00 0.00000000000000e+00 0.000000000000000000 2.06507366763043e-05 7.05060252332337e-05 1.20361313790163e-04 7.05060252332337e-05 1.41012050466467e-04 2.11518075699701e-04 0.00000000000000e+00 0.00000000000000e+00 0.00000000000000e+00 0.00000000000000e+00 0.00000000000000e+00 0.000000000000000000 5.78763666158074e-04 7.40313264948954e-04 9.01862863739834e-04 1.82313523819076e-04 0.000282024100932935 0.000381734678046794
11.15 6.10214991607337e-04 7.75566277565571e-04 9.40917563523804e-04 0.00000000000000e+00 0.00000000000000e+00 0.00000000000000e+00 1.25166182893092e-04 2.11518075699701e-04 2.97869968506310e-04 0.00000000000000e+00 0.00000000000000e+00 0.000000000000000000 0.00000000000000e+00 0.00000000000000e+00 0.00000000000000e+00 0.00000000000000e+00 3.52530126166168e-05 7.05060252332337e-05 0.00000000000000e+00 0.00000000000000e+00 0.00000000000000e+00 0.00000000000000e+00 0.00000000000000e+00 0.000000000000000000 6.10214991607337e-04 7.75566277565571e-04 9.40917563523804e-04 1.53500383966927e-04 0.000246771088316318 0.000340041792665708
11.25 4.53949319842943e-04 5.99301214482486e-04 7.44653109122030e-04 0.00000000000000e+00 0.00000000000000e+00 0.00000000000000e+00 2.06507366763043e-05 7.05060252332337e-05 1.20361313790163e-04 0.00000000000000e+00 0.00000000000000e+00 0.000000000000000000 0.00000000000000e+00 3.52530126166168e-05 7.05060252332337e-05 0.00000000000000e+00 3.52530126166168e-05 7.05060252332337e-05 0.00000000000000e+00 0.00000000000000e+00 0.00000000000000e+00 0.00000000000000e+00 0.00000000000000e+00 0.000000000000000000 4.53949319842943e-04 5.99301214482486e-04 7.44653109122030e-04 4.46990288780035e-05 0.000105759037849851 0.000166819046821698
11.35 1.53500383966927e-04 2.46771088316318e-04 3.40041792665708e-04 0.00000000000000e+00 0.00000000000000e+00 0.00000000000000e+00 0.00000000000000e+00 0.00000000000000e+00 0.00000000000000e+00 0.00000000000000e+00 0.00000000000000e+00 0.000000000000000000 0.00000000000000e+00 0.00000000000000e+00 0.00000000000000e+00 0.00000000000000e+00 0.00000000000000e+00 0.00000000000000e+00 0.00000000000000e+00 0.00000000000000e+00 0.00000000000000e+00 0.00000000000000e+00 0.00000000000000e+00 0.000000000000000000 1.53500383966927e-04 2.46771088316318e-04 3.40041792665708e-04 0.00000000000000e+00 0.000000000000000000 0.000000000000000000
11.45 9.74369304606712e-05 1.76265063083084e-04 2.55093195705497e-04 0.00000000000000e+00 0.00000000000000e+00 0.00000000000000e+00 0.00000000000000e+00 0.00000000000000e+00 0.00000000000000e+00 0.00000000000000e+00 0.00000000000000e+00 0.000000000000000000 0.00000000000000e+00 0.00000000000000e+00 0.00000000000000e+00 0.00000000000000e+00 0.00000000000000e+00 0.00000000000000e+00 0.00000000000000e+00 0.00000000000000e+00 0.00000000000000e+00 0.00000000000000e+00 0.00000000000000e+00 0.000000000000000000 9.74369304606712e-05 1.76265063083084e-04 2.55093195705497e-04 0.00000000000000e+00 0.000000000000000000 0.000000000000000000
11.55 0.00000000000000e+00 3.52530126166168e-05 7.05060252332337e-05 0.00000000000000e+00 0.00000000000000e+00 0.00000000000000e+00 0.00000000000000e+00 0.00000000000000e+00 0.00000000000000e+00 0.00000000000000e+00 0.00000000000000e+00 0.000000000000000000 0.00000000000000e+00 0.00000000000000e+00 0.00000000000000e+00 0.00000000000000e+00 0.00000000000000e+00 0.00000000000000e+00 0.00000000000000e+00 0.00000000000000e+00 0.00000000000000e+00 0.00000000000000e+00 0.00000000000000e+00 0.000000000000000000 0.00000000000000e+00 3.52530126166168e-05 7.05060252332337e-05 0.00000000000000e+00 0.000000000000000000 0.000000000000000000
